 GA_SINGLE   0.1     7.07     2.32     1.58     7.52     1.34     70.61    3.96     4.73   
 DE_SINGLE   0.1     9.00     4.00     12.00    12.00    3.00     6.00     8.00     4.00   
 GA_DOUBLE   0.1     15.81    7.86     1.46     4.03     35.87    7.37     7.77     17.07  
 DE_DOUBLE   0.1     5.00     9.00     3.00     6.00     1.00     8.00     11.00    2.00   
 GA_SINGLE   0.3     61.82    1.41     2.87     91.88    4.63     1.19     1.53     9.93   
 DE_SINGLE   0.3     1.00    536.24   230.97    5.28     1.00     1.00     2.00    437.67  
 GA_DOUBLE   0.3    168.38   461.72    10.63    1.42     1.42     1.25     1.39     3.76   
 DE_DOUBLE   0.3    401.98    22.27    24.51   152.63    10.76    27.15    11.52    10.62  
 GA_SINGLE   0.5     44.68    2.40     1.48    286.30    1.89     1.88     2.71     5.56   
 DE_SINGLE   0.5    633.19   439.85   212.51   534.69   310.70   536.71   388.75   655.76  
 GA_DOUBLE   0.5    150.06    50.31    8.82    342.82    8.54     1.26     2.04     1.42   
 DE_DOUBLE   0.5    607.93   549.79   387.16   500.66   180.65   219.77   648.83   575.39  
 GA_SINGLE   0.7    148.95    1.57     3.35     4.36     1.94     5.84    146.61    2.49   
 DE_SINGLE   0.7    514.84   417.56   533.71   513.91   413.48   396.40   543.06   418.48  
 GA_DOUBLE   0.7     79.19    1.53     4.42     3.63     1.33    146.47    1.84     1.66   
 DE_DOUBLE   0.7    383.21   426.76   477.16   538.48   214.87   276.87   289.87   526.98  
 GA_SINGLE   0.9    418.88    1.87     3.16     3.22     3.40    294.14   132.23    20.38  
 DE_SINGLE   0.9    461.13   651.59   563.82   395.22   322.17   537.98   328.91   535.74  
 GA_DOUBLE   0.9    435.73    4.91     7.93     39.49    4.30    379.39    3.47     2.87   
 DE_DOUBLE   0.9    333.70   644.38   437.90   480.07   287.32   662.86   534.23   568.13  
