 GA_SINGLE   1000   6.01  7.21  4.93  6.68  2.59  6.31 12.12 13.40 
 DE_SINGLE   1000  18.96  5.35  2.94  5.53  7.58  5.63  7.55 17.62 
 GA_DOUBLE   1000   2.94  5.64  3.53  7.28  4.93  5.49  2.71  6.53 
 DE_DOUBLE   1000  10.70  4.35  6.36  8.88 11.84  6.14 12.17  6.00 
 GA_SINGLE   5000  54.55  4.77 75.93 16.95  1.48  1.54  2.64  2.92 
 DE_SINGLE   5000  13.75 78.92 34.59 26.51  5.33 33.78 10.01 34.05 
 GA_DOUBLE   5000   8.81  6.81  2.46  1.65  2.16 63.39 13.29  2.91 
 DE_DOUBLE   5000  61.89  8.92  6.91 19.92  6.66 22.96 23.76 28.37 
 GA_SINGLE  10000   2.98 14.45  1.51  1.62  1.96 100.23  7.63 15.27 
 DE_SINGLE  10000  327.53 113.31 411.14 102.55 68.50 223.75 135.91 413.56 
 GA_DOUBLE  10000   1.63 14.98  2.72  2.54  2.09  1.67 173.95 22.47 
 DE_DOUBLE  10000  183.98 219.06 165.08 86.48 59.39 249.06 337.27 571.37 
 GA_SINGLE  25000  257.71 32.27 194.02  1.93  3.63  4.26  1.66  2.30 
 DE_SINGLE  25000  481.62 332.41 507.76 327.48 304.84 526.40 359.08 520.66 
 GA_DOUBLE  25000  278.79 40.45  3.35  1.77  2.68 368.54  5.25  1.37 
 DE_DOUBLE  25000  488.83 449.00 524.23 358.87 265.82 484.74 547.44 633.82 
 GA_SINGLE  50000  71.76  2.23  3.00 215.00  1.82  1.61  2.15  5.36 
 DE_SINGLE  50000  435.55 576.70 446.32 385.15 277.90 523.55 473.81 623.64 
 GA_DOUBLE  50000  58.05  1.68  1.72  2.58  1.40 236.88  2.13  8.28 
 DE_DOUBLE  50000  618.03 392.88 507.87 362.57 335.74 530.75 395.61 421.83 
 GA_SINGLE  75000  82.35  8.11  9.67 235.22  1.88  1.34  5.20  3.14 
 DE_SINGLE  75000  563.64 524.74 573.30 387.86 320.18 530.18 389.94 424.19 
 GA_DOUBLE  75000  368.72 90.42  3.32  2.32  8.11 204.46  6.79  2.12 
 DE_DOUBLE  75000  571.30 572.15 350.84 391.42 429.05 367.91 418.42 532.48 
 GA_SINGLE  100000 40.48 17.32  1.37 328.92  1.51 10.71  3.67  5.85 
 DE_SINGLE  100000 625.13 493.91 442.01 499.01 314.43 368.95 593.81 467.59 
 GA_DOUBLE  100000 73.54  8.84  4.44 331.15  2.63  1.82  5.63  5.06 
 DE_DOUBLE  100000 348.16 510.24 471.66 469.08 137.23 507.52 566.67 491.24 
